
etape1=0.37547038753674405;46.921377598667874
etape2=0.40761650001969224;46.94892880141737
record = 9 min 8 sec 27.08km/h 4.12km